# cut position is between the residue before and the indicated position
#proteinid	nn_cutpos	neuro_net_vote	hmm_cutpos	hmm_signalpep_probability
24	20	5	23	0.982
25	19	5	19	1
39	23	5	23	0.992
58	21	5	21	1
92	18	5	18	0.998
96	19	5	19	0.998
114	34	5	36	0.665
125	27	5	23	0.191
146	21	5	21	1
167	18	5	18	0.999
177	22	5	19	1
188	35	5	35	0.013
214	17	5	17	0.998
220	20	5	20	0.999
225	22	5	22	0.999
227	30	5	30	0.676
243	21	5	21	0.999
267	20	5	22	1
269	20	5	20	0.113
271	17	5	17	1
279	27	5	27	0.971
284	16	5	22	0.999
285	26	4	25	0.992
287	18	5	24	0.963
288	19	5	19	0.978
289	25	5	25	0.998
311	21	5	21	0.998
313	26	5	26	0.997
317	23	5	19	0.997
328	22	5	22	0.995
330	20	5	20	1
332	21	4	21	0.979
333	20	5	22	1
348	16	5	16	0.314
406	30	5	30	0.612
427	20	5	20	0.999
441	27	5	27	0.958
456	24	5	24	0.999
474	22	5	22	0.978
478	19	5	19	1
487	24	5	27	0.992
488	29	5	29	0.985
490	34	5	34	0.384
494	39	5	39	0.912
519	32	5	32	0.399
527	28	5	28	0.709
530	22	5	22	1
535	23	5	23	0.79
543	27	5	29	0.999
547	20	5	20	0.998
551	35	5	35	0.507
595	18	5	18	0.996
596	25	5	26	0.997
597	21	5	21	0.979
612	23	3	21	0.992
661	20	5	20	0.999
674	23	5	23	0.999
684	22	5	22	0.953
700	24	5	24	1
719	25	5	25	0.998
741	29	5	29	0.977
750	22	4	22	0.999
769	20	4	20	0.988
773	31	5	32	0.832
805	20	5	20	0.995
815	22	5	22	0.999
817	22	5	27	1
824	24	5	24	0.996
834	23	4	23	0.998
843	18	5	18	1
858	24	5	24	0.983
863	25	5	25	0.963
874	22	5	22	0.993
878	35	5	35	0.641
952	33	4	33	0.974
981	23	5	23	0.403
996	23	5	23	0.999
1001	19	5	19	0.999
1004	37	1	37	0.951
1030	20	5	20	0.999
1044	24	5	24	0.684
1049	23	5	23	0.989
1089	18	4	18	0.958
1090	23	5	23	0.965
1157	24	5	24	0.975
1166	18	5	18	0.999
1167	26	5	26	0.982
1176	22	5	22	0.998
1180	27	5	27	0.829
1206	30	5	30	0.951
1209	21	5	21	0.996
1211	22	5	22	1
1212	28	5	28	0.814
1217	21	5	21	0.972
1224	18	5	18	0.975
1232	14	5	19	0.974
1258	18	5	18	0.995
1269	37	5	37	0.037
1270	26	5	26	0.49
1272	17	5	17	0.999
1273	16	5	16	0.971
1275	19	5	19	0.999
1276	20	5	20	1
1279	22	5	22	0.995
1285	22	5	22	0.998
1286	22	5	22	0.993
1287	21	5	21	0.995
1299	28	5	28	0.494
1306	21	5	21	0.981
1307	18	5	18	0.998
1311	20	5	20	0.99
1318	24	5	24	0.976
1322	21	5	21	1
1330	23	5	23	0.999
1334	24	5	24	0.999
1337	19	5	19	1
1346	18	5	18	0.996
1354	25	5	25	0.134
1363	20	5	20	0.999
1369	20	5	22	1
1371	22	5	22	0.991
1372	30	5	30	0.997
1373	20	5	20	0.998
1384	20	5	20	0.928
1385	19	5	19	0.999
1410	23	5	23	0.962
1412	27	5	27	1
1415	19	5	19	0.364
1424	19	4	21	0.999
1431	27	5	27	0.637
1434	19	5	19	1
1435	16	5	16	1
1439	18	5	18	0.999
1447	31	5	31	0.985
1456	29	5	29	1
1467	22	5	22	0.998
1476	20	5	20	0.997
1496	20	5	20	0.993
1502	20	5	20	0.999
1516	22	5	22	1
1520	26	5	26	0.787
1522	19	5	19	0.999
1529	19	5	19	1
1536	22	5	22	0.995
1538	23	5	23	1
1541	16	5	16	0.991
1578	21	5	64	0.996
1583	27	3	27	0.996
1585	26	5	26	0.793
1595	20	5	18	0.997
1598	19	5	19	1
1600	26	5	26	0.998
1605	23	5	23	0.317
1610	25	5	25	0.999
1615	25	5	25	0.989
1624	20	5	20	0.999
1635	26	5	20	1
1650	21	5	21	0.999
1652	26	5	26	0.999
1679	23	5	23	0.989
1680	20	5	20	0.999
1683	25	5	25	0.731
1686	33	5	33	0.982
1709	22	5	22	1
1715	26	5	26	0.985
1722	23	0	23	0.979
1723	19	5	26	0.998
1731	22	5	22	1
1743	22	5	22	1
1744	17	5	19	1
1756	21	5	31	0.892
1759	20	5	20	1
1773	26	2	26	0.956
1787	27	5	27	0.998
1814	17	5	17	0.959
1818	18	5	18	0.997
1831	30	5	30	0.756
1844	29	5	29	0.997
1869	34	5	22	0.974
1873	23	5	23	0.944
1897	18	5	18	0.998
1928	19	5	19	1
1945	31	5	23	0.036
1955	20	5	20	0.998
1957	22	5	22	0.988
1977	22	5	22	1
1978	30	5	30	0.949
1989	23	5	23	0.908
1998	20	5	20	0.996
2006	22	5	22	0.998
2010	22	3	22	0.986
2024	30	5	30	0.173
2052	20	5	20	1
2055	23	5	23	0.994
2058	19	5	19	0.997
2060	35	5	24	0.197
2067	20	5	20	1
2079	21	5	21	0.989
2090	25	2	25	0.958
2105	25	5	25	0.921
2107	20	5	20	1
2132	35	5	16	0.385
2156	24	5	24	1
2158	22	5	22	0.997
2159	19	5	19	0.997
2168	24	5	22	0.994
2169	22	5	22	0.996
2176	24	4	22	0.993
2195	20	5	20	1
2202	17	5	17	0.989
2203	29	5	29	0.538
2206	22	5	22	0.999
2222	21	5	21	1
2226	18	5	18	1
2269	22	5	22	0.93
2276	22	4	22	0.999
2305	29	5	29	0.384
2314	35	5	35	0.999
2326	21	5	21	1
2341	21	4	21	0.996
2354	17	5	19	0.995
2362	43	0	32	0.975
2366	17	5	17	0.995
2368	33	5	33	0.48
2369	23	5	23	0.997
2374	25	5	25	0.946
2378	36	4	36	0.957
2382	18	5	18	0.999
2416	28	5	28	0.936
2419	20	5	21	0.998
2422	19	5	24	0.999
2437	32	5	32	0.014
2438	49	5	49	0.762
2439	24	5	24	1
2440	38	4	38	0.952
2449	25	4	25	0.967
2473	27	3	27	0.956
2491	20	5	20	0.998
2492	26	5	26	0.992
2539	24	5	24	0.996
2560	20	5	20	1
2565	19	5	19	0.874
2585	24	4	24	0.998
2590	22	5	22	0.725
2595	20	4	21	0.999
2597	30	5	30	0.969
2611	20	4	20	0.974
2618	18	5	18	1
2619	21	5	19	0.957
2627	22	5	22	1
2643	24	5	24	0.986
2656	26	5	26	1
2669	24	5	24	0.999
2676	20	5	20	0.998
2681	23	5	23	0.999
2708	21	5	21	0.998
2719	19	5	21	0.995
2724	51	5	51	0.906
2727	16	5	16	0.999
2731	23	5	23	0.999
2732	19	5	19	0.993
2733	21	5	21	1
2735	20	5	20	1
2737	24	5	24	0.991
2741	22	5	22	1
2742	20	5	20	0.998
2743	23	5	23	0.998
2744	20	5	20	1
2745	20	5	27	0.992
2748	21	5	21	0.997
2751	22	4	22	1
2753	20	5	20	0.999
2755	23	5	21	0.999
2760	19	5	19	0.999
2761	19	5	19	1
2767	16	5	16	1
2779	19	5	19	0.999
2782	20	5	20	1
2794	23	5	23	1
2801	29	5	23	0.997
2802	33	5	33	0.342
2805	22	5	22	0.999
2824	19	5	19	0.999
2828	19	5	19	0.999
2829	18	5	18	0.995
2838	20	5	20	0.977
2845	23	5	23	1
2851	17	5	17	0.998
2869	28	5	28	0.284
2878	19	4	28	0.988
2882	21	5	21	0.717
2883	27	5	27	0.998
2884	24	5	24	0.831
2889	27	5	27	0.998
2923	20	5	20	1
2929	24	5	24	0.98
2932	28	5	28	0.201
2933	16	5	16	0.998
2934	24	5	24	1
2955	19	5	22	0.999
2957	20	5	20	1
2972	22	5	22	0.946
2973	18	5	18	0.999
2979	21	5	21	1
2991	22	5	22	1
2992	18	5	18	1
3000	20	3	22	0.99
3008	17	5	17	1
3014	21	5	21	0.997
3016	24	5	25	0.999
3017	36	5	36	0.999
3022	22	5	22	1
3023	21	5	16	0.998
3033	19	5	23	0.999
3041	21	5	21	0.999
3042	22	5	22	0.993
3048	21	5	21	1
3053	19	5	19	0.997
3054	29	5	29	0.518
3075	21	5	21	0.997
3076	22	5	24	1
3085	17	5	17	0.845
3093	19	5	19	0.999
3101	22	5	22	0.999
3108	18	5	18	0.999
3129	24	5	24	0.613
3130	19	5	19	0.999
3131	20	5	20	0.973
3135	22	5	22	0.963
3138	28	4	28	0.997
3145	23	5	23	1
3153	19	5	19	0.998
3163	18	5	23	0.932
3215	26	5	26	0.998
3216	26	5	26	0.77
3234	22	5	22	0.999
3246	21	5	21	1
3253	24	5	24	1
3267	40	5	40	0.486
3270	25	5	25	0.986
3273	18	5	18	0.997
3285	25	5	25	0.999
3291	22	5	22	0.992
3303	18	4	18	0.998
3331	19	5	19	1
3332	20	5	20	0.032
3339	20	5	20	1
3344	31	5	31	0.999
3357	30	4	30	0.959
3359	22	4	22	0.984
3366	19	5	19	1
3368	18	5	18	0.999
3379	24	5	22	0.998
3429	22	5	22	0.932
3436	20	5	20	0.999
3457	20	5	20	1
3459	40	5	40	0.984
3463	19	5	19	0.995
3470	17	5	17	0.977
3481	18	5	18	0.996
3485	31	5	29	0.967
3486	23	4	25	1
3492	20	5	20	1
3505	23	5	23	1
3507	20	5	20	0.999
3510	20	5	20	0.999
3526	18	5	18	0.998
3531	30	5	30	0.972
3533	25	5	25	1
3541	31	5	35	0.979
3542	20	5	26	0.994
3551	31	5	31	0.999
3552	19	5	19	1
3562	37	5	37	0.917
3567	18	5	22	0.977
3581	17	5	17	0.998
3602	23	5	23	0.998
3624	28	5	27	0.996
3639	43	5	43	0.33
3645	22	3	21	0.995
3651	20	5	20	0.999
3654	19	5	19	0.999
3659	20	5	20	0.999
3668	26	5	26	0.986
3679	24	5	24	0.519
3690	20	5	20	0.998
3698	17	5	17	0.993
3703	26	5	26	0.981
3704	37	5	37	0.097
3711	19	5	19	0.999
3715	25	5	25	0.999
3726	19	5	19	0.99
3731	21	5	21	0.914
3732	31	5	31	0.776
3735	20	4	20	0.991
3743	18	5	18	1
3744	19	5	26	0.958
3745	19	5	19	0.999
3746	16	4	18	0.997
3747	16	5	20	0.996
3756	25	5	25	0.969
3760	21	5	21	0.999
3763	44	5	44	0.954
3764	19	5	19	0.998
3766	19	5	19	0.996
3768	18	5	18	0.975
3779	21	5	21	0.997
3783	21	5	21	1
3784	37	5	37	0.87
3787	19	5	19	1
3798	19	5	19	0.999
3799	19	5	19	1
3800	21	5	21	1
3804	18	5	18	1
3807	34	5	34	0.379
3814	21	5	21	0.686
3819	26	5	28	0.08
3821	21	5	21	0.999
3825	29	5	29	0.485
3826	22	5	22	0.999
3827	21	5	21	1
3832	19	5	19	1
3840	25	5	23	0.996
3842	27	4	27	0.961
3846	22	5	22	0.998
3848	36	5	36	0.898
3883	17	5	17	1
3914	21	5	21	1
3934	24	5	24	1
3970	17	5	17	1
3983	20	5	20	0.85
4010	39	5	39	0.82
4033	26	5	32	0.908
4035	24	5	24	1
4036	17	4	21	0.999
4043	16	5	16	0.912
4048	25	5	25	0.999
4084	20	5	20	0.996
4100	24	5	24	0.996
4115	18	5	18	0.997
4123	27	5	27	0.995
4139	22	5	22	1
4142	24	5	24	0.753
4148	47	5	47	0.977
4159	22	5	22	1
4172	18	5	21	0.996
4176	19	5	19	0.997
4188	20	5	20	0.941
4189	26	5	21	0.997
4227	23	5	23	0.992
4236	42	5	42	0.975
4240	38	5	38	0.993
4248	25	5	25	0.998
4268	19	5	19	1
4288	19	5	19	0.975
4294	21	1	22	0.978
4297	18	5	18	1
4314	21	5	21	1
4321	21	5	21	1
4350	21	5	21	1
4355	23	5	21	0.999
4357	18	5	18	1
4361	19	5	19	1
4363	23	5	23	0.999
4364	17	5	17	1
4373	20	5	20	0.97
4388	36	5	36	0.987
4402	22	5	22	0.891
4405	34	5	34	0.971
4424	20	5	20	0.997
4431	20	5	21	1
4449	28	5	22	0.963
4451	28	5	34	0.864
4486	19	5	19	1
4502	22	5	26	0.99
4541	19	5	19	0.962
4575	26	5	26	0.461
4580	37	5	26	0.986
4581	19	5	19	1
4588	29	4	29	0.989
4622	22	5	22	1
4643	17	5	17	0.179
4659	21	5	21	0.999
4673	23	4	23	0.977
4675	24	5	24	0.999
4680	25	3	25	0.98
4689	21	5	21	0.998
4713	17	5	17	0.999
4715	20	5	20	1
4717	23	5	23	1
4720	23	5	23	0.999
4721	19	5	19	0.999
4722	22	5	22	0.999
4724	26	5	28	0.896
4730	23	5	23	1
4731	20	5	21	1
4732	21	4	21	0.963
4744	32	5	32	1
4745	20	5	20	0.999
4757	19	3	19	0.995
4805	18	5	18	0.985
4809	30	5	30	0.128
4818	25	5	25	1
4842	17	5	17	0.753
4843	21	5	21	0.985
4844	17	5	17	0.998
4845	24	5	24	0.999
4851	28	5	22	0.98
4857	31	5	31	0.98
4858	22	5	22	0.991
4869	18	5	18	0.999
4876	22	5	22	0.999
4883	21	5	21	0.999
4884	20	5	20	0.997
4898	18	5	18	0.968
4914	19	5	19	0.998
4951	18	5	21	1
4954	21	5	21	0.999
4955	27	5	27	0.999
4970	24	5	21	0.997
5012	25	5	25	0.65
5013	32	5	27	0.131
5017	21	5	21	0.989
5019	20	5	22	0.999
5029	20	5	20	0.905
5044	29	5	29	0.48
5046	19	5	19	0.998
5050	21	5	21	0.999
5053	18	5	23	1
5064	19	5	19	0.999
5066	17	4	19	0.97
5070	20	5	24	0.988
5094	20	5	20	0.999
5100	26	5	25	0.995
5103	19	5	19	0.996
5107	17	5	17	0.999
5116	17	5	17	0.999
5119	20	5	18	0.999
5129	23	5	18	1
5130	36	5	36	0.99
5163	28	5	28	0.748
5185	16	5	16	0.995
5188	21	5	21	0.994
5209	20	5	19	1
5213	23	5	23	0.871
5214	19	5	19	1
5216	20	5	20	0.983
5226	20	5	20	1
5229	19	5	19	0.999
5232	20	5	20	0.972
5235	27	5	27	0.792
5236	32	5	33	0.647
5237	19	5	19	1
5238	15	5	23	0.999
5239	35	5	35	0.876
5251	20	5	20	0.994
5285	37	4	37	0.974
5288	19	5	20	0.961
5317	19	5	23	1
5324	37	2	37	0.982
5325	25	5	25	0.999
5339	20	5	20	1
5346	19	5	19	0.996
5348	18	5	18	1
5358	17	5	17	0.999
5360	21	5	21	0.997
5368	18	5	23	0.999
5379	24	5	24	0.999
5381	27	5	27	0.606
5382	20	5	20	0.998
5395	24	1	24	0.99
5400	20	5	20	1
5407	20	2	17	0.973
5410	25	5	25	0.837
5418	28	5	28	0.212
5436	24	5	24	0.996
5445	25	5	25	0.747
5459	23	5	23	0.971
5471	24	5	24	0.996
5492	16	5	20	1
5529	20	5	23	0.999
5530	17	5	21	1
5535	19	5	19	0.999
5537	21	5	21	1
5538	24	5	24	0.996
5544	22	5	22	0.999
5547	30	5	30	0.999
5549	25	5	25	0.822
5552	21	5	21	1
5565	22	5	22	0.998
5584	32	5	32	0.983
5589	20	5	20	1
5629	23	5	23	0.937
5634	24	5	27	0.967
5648	19	5	19	0.998
5659	21	5	21	0.999
5661	19	5	19	0.795
5668	20	3	22	0.994
5676	17	5	17	0.998
5735	22	5	21	1
5747	25	5	25	0.999
5779	14	5	23	0.998
5780	22	5	22	1
5787	20	5	20	0.999
5795	26	5	26	0.591
5796	26	5	26	0.923
5816	20	5	20	0.911
5819	26	5	26	0.993
5839	28	5	30	0.333
5843	23	5	23	1
5851	25	5	25	0.999
5855	24	5	19	0.919
5861	24	5	24	0.994
5875	43	5	43	0.993
5903	22	5	22	0.924
5918	22	5	22	0.996
5926	21	5	23	0.999
5940	24	5	24	0.936
5941	22	5	22	0.884
5943	17	5	17	1
5952	19	5	19	1
5953	20	5	20	0.998
5965	19	5	25	0.993
5977	19	4	23	1
5994	16	5	16	0.999
5998	17	5	17	1
6012	18	5	18	0.997
6015	39	5	39	0.997
6039	22	5	22	0.999
6040	21	5	21	0.996
6143	18	5	18	0.998
6150	22	5	22	0.899
6183	20	5	18	0.997
6184	26	5	26	0.975
6189	22	5	22	0.997
6198	32	5	32	0.999
6206	26	5	26	0.997
6230	19	5	19	0.851
6233	33	5	33	1
6239	20	5	19	0.993
6240	21	5	21	1
6241	21	3	27	0.988
6252	24	5	24	1
6258	24	5	24	1
6259	21	5	21	1
6260	25	5	25	0.991
6268	26	5	31	0.97
6270	24	4	21	0.981
6284	25	5	25	0.999
6300	21	5	21	0.994
6306	15	4	15	0.999
6318	20	1	20	0.958
6346	24	5	26	0.657
6359	26	5	26	0.618
6360	21	5	21	0.999
6367	24	5	26	1
6369	26	5	26	1
6370	17	5	17	0.998
6383	43	5	43	0.993
6386	22	5	19	0.019
6399	32	5	32	0.018
6404	17	5	17	1
6461	19	5	19	0.99
6478	20	5	20	1
6490	18	5	18	0.999
6511	26	5	26	0.907
6518	32	5	32	0.995
6539	23	5	23	1
6542	20	5	20	0.999
6549	17	5	24	0.999
6550	19	5	19	1
6554	28	5	28	0.995
6558	20	5	20	1
6559	23	5	23	0.999
6568	44	3	44	0.992
6569	31	5	31	0.794
6570	20	5	20	1
6585	20	5	26	0.995
6623	28	5	28	0.46
6659	19	5	23	1
6675	20	5	20	0.999
6709	22	5	22	0.098
6739	21	5	21	1
6748	19	4	25	0.961
6751	21	5	21	0.998
6790	25	5	25	0.999
6800	18	4	22	0.999
6802	19	5	19	0.986
6807	23	5	23	0.988
6809	21	5	21	1
6813	19	5	19	1
6819	18	4	18	0.999
6823	20	5	20	0.997
6830	25	5	25	1
6833	20	5	20	0.998
6863	26	5	26	0.991
6872	21	5	21	0.998
6877	19	5	25	0.997
6893	40	5	40	0.995
6902	21	5	21	0.999
6908	40	5	40	0.216
6910	16	5	20	0.996
6922	27	5	27	0.996
6923	26	5	26	0.994
6927	28	5	28	0.92
6929	18	4	18	0.955
6930	24	5	24	0.998
6933	20	5	20	0.992
6937	20	5	22	0.971
6938	20	5	20	1
6943	26	5	26	0.893
6955	16	5	16	0.997
6959	21	5	21	0.999
6964	24	5	24	0.998
6973	24	4	27	0.972
6977	18	5	18	1
6982	23	5	23	0.999
6987	19	5	19	0.999
6995	25	5	30	0.56
6996	23	5	23	0.897
7002	21	5	21	0.999
7004	22	5	22	0.93
7017	24	5	24	1
7031	21	5	21	0.985
7044	16	5	21	0.874
7047	25	5	25	0.016
7058	27	5	27	1
7062	21	5	23	1
7069	18	5	18	1
7071	28	5	27	0.992
7086	19	5	19	0.999
7101	24	5	24	0.999
7103	23	5	23	0.996
7106	28	5	28	0.923
7133	32	5	30	0.947
7136	21	5	21	0.979
7139	20	5	20	0.994
7146	37	2	37	0.958
7150	27	3	33	0.982
7151	20	5	20	0.998
7154	19	4	19	0.986
7160	22	5	22	0.995
7167	25	5	25	0.964
7175	33	5	33	0.414
7180	25	5	25	0.999
7184	21	5	21	0.998
7196	29	5	27	0.998
7198	19	4	18	0.966
7207	19	5	19	0.998
7219	18	5	18	0.997
7225	18	5	18	1
7231	23	5	23	0.999
7232	26	3	37	0.969
7264	30	2	30	0.958
7265	27	5	27	0.967
7266	19	4	19	0.993
7268	24	5	24	0.998
7284	20	5	20	0.998
7294	20	5	20	1
7301	27	5	27	0.008
7344	20	5	20	0.995
7349	20	5	20	1
7357	25	5	25	1
7360	20	5	20	0.994
7379	19	5	19	0.999
7383	29	5	29	0.992
7394	19	5	19	0.863
7397	26	5	32	0.965
7401	20	5	22	0.999
7417	24	5	24	0.237
7434	16	5	24	0.581
7454	20	5	20	0.988
7458	22	5	20	0.999
7474	24	5	24	0.508
7478	19	5	19	1
7481	28	5	28	0.765
7485	20	5	23	1
7486	28	5	28	0.992
7490	18	5	18	1
7491	20	5	20	0.99
7494	16	5	16	0.999
7495	20	5	20	0.997
7500	18	5	18	0.999
7504	24	5	24	0.877
7505	20	5	20	0.995
7509	21	5	21	0.921
7515	20	5	20	0.992
7520	17	5	17	1
7521	17	5	17	0.999
7527	18	5	18	0.999
7542	29	5	29	0.997
7543	25	5	25	0.975
7546	17	5	17	0.999
7555	18	5	23	0.999
7557	21	5	21	1
7558	26	5	26	0.979
7563	17	5	17	1
7569	35	5	35	0.875
7603	39	5	39	0.292
7626	28	5	27	0.989
7640	20	5	20	0.999
7641	19	5	19	0.999
7650	23	5	23	1
7697	17	5	17	0.999
7704	32	5	22	0.815
7726	18	4	18	0.958
7727	16	5	20	0.999
7747	19	5	19	0.998
7748	24	5	24	0.841
7754	33	5	25	0.181
7769	19	5	19	0.992
7772	40	5	40	0.997
7808	24	5	25	0.036
7823	35	5	35	0.071
7828	20	5	20	0.994
7835	22	5	22	0.993
7856	20	5	20	1
7862	24	5	24	1
7879	20	5	20	0.975
7890	29	5	29	1
7914	18	2	18	0.992
7915	18	5	18	1
7916	19	5	19	1
7933	16	4	18	0.999
7934	19	5	19	0.999
7945	23	5	23	0.998
7973	24	5	24	0.967
7984	19	4	19	0.953
8003	23	5	23	0.923
8034	29	5	29	0.72
8044	18	5	26	0.995
8054	21	5	30	0.399
8061	19	5	19	0.999
8068	24	5	24	0.928
8071	28	5	28	0.612
8075	20	5	20	0.999
8076	21	5	21	1
8081	20	5	21	1
8083	24	5	24	0.986
8100	20	5	23	1
8105	17	5	17	0.995
8106	23	5	23	0.998
8110	19	5	19	0.999
8111	20	4	22	0.956
8117	20	5	20	0.996
8135	26	5	26	0.997
8137	22	5	22	0.995
8145	20	5	20	0.998
8146	25	5	25	0.998
8180	20	5	20	0.997
8207	19	5	19	0.996
8219	18	5	20	0.976
8239	18	5	18	0.999
8256	27	5	21	0.145
8261	23	5	23	0.938
8267	19	4	19	0.997
8271	19	5	27	0.999
8306	18	5	18	1
8313	24	5	24	0.982
8314	20	5	20	0.998
8316	20	5	20	1
8318	19	5	19	1
8324	18	5	21	0.997
8325	27	5	27	0.997
8326	31	5	31	0.325
8328	21	5	30	0.982
8336	19	5	19	0.998
8339	24	4	24	0.975
8340	22	3	22	0.984
8354	20	5	20	1
8357	19	5	19	0.999
8359	24	4	26	0.999
8363	18	5	18	0.995
8368	24	5	24	0.962
8370	20	5	20	0.998
8382	19	4	21	0.976
8387	28	5	28	0.004
8394	20	5	20	0.989
8397	18	5	18	0.718
8409	24	5	24	0.981
8412	24	5	27	0.934
8413	20	5	20	0.929
8416	18	5	18	0.997
8440	22	3	22	0.987
8443	20	5	20	0.982
8445	53	5	53	0.905
8447	20	4	20	0.961
8464	24	5	24	1
8467	16	5	16	0.952
8483	25	5	25	0.993
8485	25	5	25	0.866
8486	25	5	25	0.866
8488	25	5	25	0.531
8490	22	5	22	0.992
8501	17	5	17	0.997
8522	28	5	28	0.994
8529	22	4	21	0.995
8533	16	5	21	1
8598	20	5	20	0.999
8604	25	5	25	1
8624	21	5	21	0.999
8689	21	5	21	0.999
8690	22	5	22	1
8691	20	5	20	1
8695	21	5	21	0.995
8700	19	5	19	1
8703	19	5	19	0.992
8704	20	5	20	0.999
8705	21	5	21	1
8717	22	5	22	0.996
8725	34	5	34	0.704
8738	22	5	22	1
8741	19	5	26	1
8748	23	5	26	0.998
8750	17	5	22	0.837
8754	31	4	31	0.952
8762	18	5	18	1
8763	20	5	20	0.996
8764	22	5	22	0.999
8775	22	5	22	0.998
8780	21	5	21	0.996
8792	19	5	19	0.999
8794	25	5	25	0.982
8795	25	5	25	0.994
8805	25	4	22	1
8808	19	5	19	1
8811	17	3	33	0.988
8814	24	5	24	0.209
8817	25	5	25	0.998
8818	17	1	17	0.975
8828	24	5	24	0.999
8829	33	4	33	0.985
8832	25	5	24	0.737
8836	18	3	18	0.991
8841	19	5	19	1
8845	21	5	30	0.678
8846	22	5	22	0.997
8847	21	5	21	0.998
8852	29	5	33	0.545
8867	26	5	32	0.966
8871	20	5	22	0.959
8878	20	5	20	0.999
8889	17	4	19	0.992
8891	19	5	25	0.974
8892	20	5	20	0.993
8895	17	5	17	0.999
8898	20	5	20	1
8899	17	5	17	0.993
8900	20	5	25	0.994
8932	40	5	40	0.002
8975	28	5	28	0.439
8982	19	5	19	1
8992	39	0	52	0.998
8998	22	5	22	0.997
9007	18	5	18	0.744
9011	37	5	37	0.791
9043	26	5	26	0.98
9046	20	5	27	0.999
9050	19	5	21	1
9074	26	5	26	0.887
9077	22	5	23	0.991
9078	20	5	20	1
9079	21	5	21	0.999
9085	26	5	26	0.998
9088	18	5	18	0.999
9090	23	5	23	0.999
9092	18	5	18	0.998
9097	20	5	23	0.972
9098	42	5	42	0.51
9103	18	5	18	0.996
9112	20	5	26	0.998
9115	25	5	25	0.999
9128	21	5	21	1
9129	22	4	22	0.996
9138	20	5	20	0.671
9144	22	5	22	0.999
9156	38	5	38	0.992
9174	20	5	22	0.749
9193	37	5	37	0.524
9194	19	4	16	0.988
9222	18	5	18	1
9228	26	5	26	0.825
9229	18	5	18	0.999
9248	18	5	18	0.999
9250	44	5	37	0
9314	20	5	19	0.999
9325	19	5	19	1
9327	16	5	16	1
9332	20	4	22	0.992
9337	18	5	18	0.998
9349	20	5	20	0.999
9356	22	5	22	0.791
9358	27	5	27	0.99
9363	21	5	21	0.997
9366	24	5	24	0.96
9377	16	5	21	0.996
9378	21	5	21	0.978
9395	31	5	31	0.769
9419	25	5	25	0.926
9421	29	5	29	0.775
9451	35	5	28	0.733
9457	28	3	28	0.994
9459	21	5	21	1
9467	19	5	19	0.998
9468	18	5	18	0.994
9470	41	5	41	0.86
9473	18	5	18	0.94
9475	20	5	20	0.993
9482	18	5	22	0.997
9483	23	5	23	0.999
9490	22	5	30	0.946
9515	19	5	19	0.998
9520	21	5	21	1
9521	27	5	27	0.998
9530	21	4	18	1
9551	27	5	27	0.975
9561	20	5	20	0.988
9566	25	5	25	0.965
9572	26	5	26	0.673
9589	27	5	27	0.652
9591	19	5	19	0.997
9593	23	5	23	0.993
9594	23	5	23	0.996
9598	18	5	20	0.999
9605	27	5	27	0.998
9606	21	5	21	0.997
9608	20	5	20	0.999
9615	19	5	19	0.999
9620	22	5	19	0.587
9624	19	5	19	0.998
9626	21	5	21	1
9650	18	5	18	0.996
9659	37	5	37	0.025
9666	19	5	19	1
9674	18	5	18	0.994
9682	27	5	27	0.887
9688	17	5	17	0.981
9694	24	5	24	0.999
9698	23	5	23	1
9717	19	5	19	1
9718	30	5	30	0.776
9725	20	5	20	1
9729	24	5	24	0.999
9734	22	5	22	0.996
9735	19	5	19	0.632
9744	18	5	18	0.997
9745	26	5	26	0.925
9753	18	5	24	0.999
9759	25	5	25	1
9762	19	5	19	0.999
9765	24	5	20	0.865
9767	22	5	22	0.997
9769	28	5	28	0.914
9770	22	4	22	0.995
9774	20	5	20	1
9782	32	5	32	0.991
9783	25	5	25	0.976
9788	21	5	21	0.999
9807	22	5	22	0.999
9834	23	5	23	1
9839	23	5	22	1
9851	24	3	27	0.957
9853	19	5	19	1
9854	24	5	27	0.991
9874	24	5	24	0.429
9881	33	5	33	0.354
9898	24	5	24	0.994
9923	19	5	19	1
9942	27	0	26	0.974
9954	29	5	29	0.981
9959	18	5	18	0.355
9967	19	5	19	1
9985	18	5	18	0.999
9993	19	5	19	0.891
10005	24	5	24	0.993
10006	20	5	20	0.92
10008	26	5	29	0.31
10011	30	2	30	0.965
10026	31	5	31	0.181
10027	18	4	18	0.997
10070	21	5	21	1
10073	25	5	25	0.619
10087	26	5	26	0.998
10097	21	5	23	0.991
10100	33	5	33	0.978
10102	20	4	22	0.963
10107	20	5	20	1
10121	18	5	20	0.999
10140	36	5	36	0.973
10143	18	5	18	0.997
10172	41	1	39	0.955
10177	23	5	23	0.999
10192	19	5	19	0.997
10193	34	5	34	0.992
10218	25	5	25	1
10246	26	5	26	0.83
10273	25	5	28	0.502
10286	23	5	23	0.988
10300	52	5	52	0.375
10336	21	5	21	1
10343	27	5	27	0.992
10360	26	5	24	0.959
10361	23	5	23	1
10419	20	5	30	0.671
10438	19	5	19	0.985
10442	17	5	26	0.998
10445	19	5	19	0.995
10448	22	5	22	0.999
10449	26	5	26	0.988
10453	19	5	19	1
10457	25	5	25	0.994
10465	16	4	16	0.999
10478	20	5	20	0.999
10479	26	5	32	1
10490	22	5	22	1
10492	25	5	25	0.999
10495	33	5	33	0.021
10499	19	5	21	0.999
10512	19	5	19	0.981
10513	18	5	18	0.989
10514	24	5	24	1
10518	29	5	29	0.993
10519	16	5	16	0.578
10551	21	5	21	1
10552	25	5	25	0.592
10554	20	5	20	0.998
10560	20	5	20	1
10574	24	5	24	0.996
10581	20	3	27	0.998
10583	20	5	20	0.998
10586	33	5	33	0.998
10589	18	5	18	1
10596	19	5	19	0.999
10597	18	5	18	0.971
10607	21	5	21	1
10609	19	5	19	0.999
10634	18	5	18	0.995
10636	18	4	18	0.997
10643	25	5	25	0.99
10647	20	5	20	0.999
10664	22	5	22	1
10672	19	5	19	0.997
