# cut position is between the residue before and the indicated position
#proteinid	nn_cutpos	neuro_net_vote	hmm_cutpos	hmm_signalpep_probability
13	22	5	19	1
20	19	5	19	0.888
41	21	5	21	1
48	21	5	21	0.92
49	21	5	21	0.943
50	21	4	21	0.965
52	22	5	27	0.946
53	26	5	21	1
54	32	5	32	0.985
55	28	5	28	0.654
56	19	5	19	1
58	27	5	27	0.001
59	21	5	21	0.999
69	18	5	18	1
72	25	5	28	0.999
107	26	5	26	0.999
108	25	5	25	0.997
117	30	5	30	0.973
122	20	5	26	0.997
124	24	5	24	0.947
133	19	5	19	0.999
146	24	5	24	1
154	29	5	29	0.012
155	20	5	20	0.993
160	21	5	21	0.995
162	29	5	29	0.827
185	21	1	36	0.99
188	29	5	29	0.996
210	25	5	25	0.592
212	16	4	18	0.998
226	17	5	17	0.995
229	28	5	28	0.999
232	32	5	32	0.941
233	20	5	20	1
234	18	5	18	1
251	17	5	17	0.998
257	26	5	26	0.999
282	17	4	18	0.997
287	19	5	19	0.993
310	30	4	30	0.994
312	33	5	33	0.969
333	40	5	40	0.016
335	20	5	20	0.997
339	32	0	32	0.962
343	36	5	36	0.972
348	20	5	20	1
363	23	5	23	0.999
375	33	5	33	0.999
380	22	5	22	0.999
397	25	5	25	0.54
398	20	5	20	0.999
407	29	5	29	0.989
408	31	4	31	0.978
411	34	5	32	0.984
418	21	5	21	0.999
437	23	5	23	0.78
443	23	5	23	0.981
450	19	5	19	0.998
452	26	5	26	1
457	19	5	30	0.61
458	19	5	30	0.61
463	26	5	26	0.995
465	31	5	29	0.232
481	24	5	26	0.995
484	25	5	27	0.055
500	33	4	25	0.966
512	35	5	35	0.187
562	22	0	22	0.979
570	20	5	20	0.938
582	20	5	20	1
589	21	5	21	0.998
590	29	5	27	1
609	19	5	19	1
620	20	5	20	0.999
633	18	4	18	0.995
641	17	5	17	1
649	16	5	16	0.98
656	21	5	23	1
665	23	1	23	0.96
666	17	5	17	0.999
683	21	5	21	1
715	23	5	25	1
719	23	5	23	0.999
720	26	2	26	0.978
738	23	5	23	1
748	38	5	38	0.975
761	19	5	19	0.983
762	19	5	18	0.953
764	23	5	23	1
766	22	5	24	0.995
802	27	5	27	0.999
816	26	3	26	0.956
817	26	3	26	0.956
859	19	5	19	1
860	25	5	25	1
917	32	3	32	0.985
918	31	5	31	0.944
929	26	5	22	0.997
945	28	5	28	1
946	28	5	28	1
947	28	5	28	1
962	23	4	23	0.956
964	46	5	46	0.887
970	23	5	23	0.993
972	27	5	27	0.981
981	42	5	42	0.995
984	23	4	23	0.997
1026	24	5	24	0.984
1027	20	5	20	0.995
1039	31	5	31	0.788
1056	20	5	20	1
1064	35	5	35	0.912
1130	20	0	52	0.992
1140	32	5	23	0.7
1167	26	5	26	0.997
1177	35	5	35	0.943
1179	22	5	47	0.969
1184	20	5	20	0.999
1189	30	5	35	0.947
1191	26	5	31	0.979
1204	29	5	29	0.968
1214	18	5	18	1
1232	20	5	20	0.994
1252	17	4	17	0.987
1262	52	5	52	0.006
1263	22	5	22	0.999
1264	23	4	23	0.982
1267	19	5	19	0.999
1269	18	5	24	0.96
1273	19	4	19	0.991
1274	19	4	19	0.991
1275	19	4	19	0.991
1280	21	5	21	0.999
1281	21	5	21	0.999
1285	18	5	18	1
1352	22	5	22	0.904
1357	30	5	30	1
1361	24	5	24	1
1362	18	5	18	1
1373	25	5	25	0.974
1374	19	5	19	0.991
1393	22	5	22	0.998
1412	24	5	24	1
1413	24	5	24	1
1417	24	5	24	0.999
1437	22	5	18	1
1438	18	5	25	0.994
1479	36	5	34	0.878
1483	22	5	22	0.999
1492	20	3	22	0.991
1495	29	5	29	0.842
1518	22	5	22	0.999
1531	20	5	20	0.999
1532	21	5	21	0.997
1534	23	5	23	0.896
1537	22	5	22	0.999
1538	22	5	22	0.999
1540	29	5	29	0.778
1551	20	5	20	0.996
1556	19	5	19	0.382
1568	21	5	21	0.999
1569	27	5	27	0.875
1570	27	5	27	0.997
1603	20	5	23	0.997
1622	29	5	29	0.999
1656	22	5	22	1
1658	17	5	17	0.997
1661	17	5	17	0.994
1662	40	0	40	0.977
1669	23	5	23	0.282
1681	19	5	19	1
1686	26	5	26	0.967
1687	19	5	19	0.999
1688	34	5	34	1
1697	24	5	24	1
1705	22	2	22	0.986
1710	32	5	29	0.825
1711	32	5	29	0.825
1713	19	5	19	1
1717	23	5	31	0.999
1718	23	5	31	0.999
1719	23	5	31	0.999
1730	18	5	18	0.971
1734	18	5	18	0.998
1748	23	5	23	0.999
1757	20	5	20	0.887
1790	23	5	23	0.188
1808	21	5	21	0.627
1809	21	5	21	0.627
1821	18	5	18	1
1822	18	5	18	1
1833	32	5	28	0.89
1844	20	5	20	0.995
1846	22	5	22	1
1847	22	5	22	1
1851	21	5	21	1
1855	23	5	23	0.999
1873	19	5	19	0.999
1878	21	4	21	0.999
1879	21	4	21	0.999
1888	25	5	25	0.994
1889	38	5	38	0.514
1894	23	5	23	1
1896	18	5	18	0.999
1911	18	4	21	0.999
1914	28	3	30	0.977
1931	27	5	27	0.827
1936	27	5	27	1
1943	23	5	23	0.938
1949	17	5	23	0.999
1950	28	4	25	0.993
1951	28	4	25	0.993
1956	22	5	22	0.997
1985	17	5	17	1
1992	24	5	24	0.982
2001	17	5	19	1
2003	26	5	26	0.491
2008	54	0	54	0.959
2009	21	5	21	0.995
2010	22	5	22	0.985
2015	19	5	19	1
2020	24	5	24	0.989
2023	16	5	16	0.891
2024	49	5	49	0.449
2048	16	5	21	1
2051	19	5	19	1
2055	20	5	20	0.999
2059	31	5	31	0.695
2085	20	5	20	1
2097	29	5	29	1
2116	22	5	22	1
2119	27	5	27	0.974
2121	17	5	17	0.999
2123	31	2	30	0.951
2143	35	5	31	0.139
2144	35	5	31	0.139
2145	35	5	31	0.139
2190	18	5	38	0.956
2253	36	4	36	0.98
2279	23	5	23	0.999
2286	20	5	20	1
2287	20	5	20	1
2297	18	5	20	0.999
2307	21	5	21	0.89
2339	23	5	23	1
2352	18	5	18	0.998
2358	21	5	21	0.998
2369	24	5	22	1
2371	21	5	21	0.999
2381	17	5	17	0.997
2388	21	5	21	0.996
2389	18	5	18	0.922
2390	23	5	23	0.999
2394	20	5	20	1
2398	22	5	22	1
2412	19	5	19	0.999
2415	20	5	20	1
2416	28	5	28	0.998
2428	20	5	20	0.807
2438	17	5	17	0.981
2444	21	3	22	0.974
2458	31	5	31	0.301
2520	18	5	18	0.993
2525	25	5	26	0.938
2532	24	5	24	0.999
2534	22	5	22	1
2536	19	5	19	1
2546	25	5	25	0.998
2568	21	5	21	1
2582	29	5	29	0.431
2590	36	5	36	0.996
2592	22	5	22	0.999
2593	22	5	22	0.999
2597	26	5	26	0.999
2613	22	5	22	1
2620	17	3	17	0.954
2632	25	5	23	1
2635	21	5	21	0.998
2636	21	5	21	0.998
2637	16	5	16	0.997
2641	22	5	22	0.996
2644	31	5	31	0.503
2647	29	5	29	0.998
2649	20	5	20	1
2650	24	5	24	0.983
2716	26	3	37	0.998
2729	18	4	18	0.998
2745	20	5	20	0.999
2746	22	5	22	0.994
2747	23	5	23	0.998
2760	20	5	20	0.999
2761	36	5	36	0.902
2765	29	5	29	0.994
2785	29	5	29	0.999
2797	22	5	23	0.958
2805	23	5	25	0.881
2807	25	5	25	0.999
2809	20	5	20	0.611
2833	20	4	20	0.999
2854	21	5	20	1
2864	24	3	29	0.957
2883	20	5	20	0.98
2935	18	5	18	0.999
2956	21	5	21	1
2962	18	5	18	0.144
2968	31	5	31	0.958
2986	18	5	18	0.993
2989	24	5	24	0.99
2994	26	5	26	0.99
3015	27	5	27	0.999
3019	22	4	23	0.958
3050	18	5	18	0.997
3062	26	5	26	0.979
3063	26	5	26	0.979
3067	24	5	24	1
3076	21	5	21	1
3079	19	5	19	0.999
3090	22	5	22	0.993
3096	37	5	37	0.996
3098	19	5	19	0.997
3108	18	5	18	0.972
3110	37	5	22	0.937
3118	30	5	30	0.984
3144	22	5	25	0.964
3199	40	5	40	0.075
3212	19	3	32	0.997
3252	19	5	21	0.931
3270	24	5	24	0.995
3271	20	5	20	0.998
3283	21	5	21	1
3299	21	5	21	0.999
3301	29	5	29	0.999
3311	20	5	20	0.998
3351	20	5	23	1
3389	20	5	20	0.998
3412	23	5	23	0.997
3437	20	5	20	1
3438	20	5	20	1
3465	21	5	21	0.999
3506	20	5	20	0.969
3508	21	5	24	0.992
3509	26	5	69	0.153
3513	18	5	18	0.997
3553	19	5	19	1
3562	19	5	22	0.999
3566	30	5	30	1
3570	27	5	27	1
3592	26	5	26	0.989
3593	20	5	20	1
3595	27	5	27	0.98
3613	22	5	22	1
3618	23	5	23	0.951
3619	19	5	19	0.97
3623	24	5	24	0.999
3631	27	5	29	0.999
3657	25	5	25	0.89
3658	18	5	18	0.116
3659	23	5	23	0.996
3664	18	4	18	0.971
3665	18	5	18	1
3669	24	5	24	1
3671	20	5	20	1
3677	26	4	26	0.999
3689	26	5	26	0.906
3701	19	4	26	0.954
3704	25	5	25	1
3705	20	5	20	1
3714	21	5	21	1
3715	19	5	19	0.995
3723	16	4	16	0.999
3728	20	5	27	0.945
3733	19	5	19	1
3757	20	5	20	0.999
3758	27	5	33	0.984
3760	19	5	19	0.999
3766	19	4	19	0.999
3767	24	5	24	0.977
3768	24	5	24	0.977
3769	24	5	24	0.977
3774	17	5	17	0.999
3780	18	5	18	0.999
3792	20	5	20	1
3793	23	5	23	0.989
3800	20	4	23	0.984
3812	23	5	23	1
3822	23	5	23	0.999
3824	21	5	21	0.999
3829	30	5	30	1
3830	26	5	26	0.983
3834	21	5	21	1
3870	19	5	19	0.997
3888	24	5	24	1
3907	22	5	18	0.996
3909	20	5	20	1
3917	47	0	47	0.976
3938	20	4	19	0.991
3942	39	4	39	0.969
3952	18	5	18	0.998
3953	18	5	18	0.998
3997	24	5	24	0.962
4012	24	5	24	1
4015	22	1	22	0.987
4061	40	4	40	0.997
4084	27	5	27	0.998
4100	24	5	26	0.999
4157	17	4	17	0.999
4161	18	5	18	1
4186	20	5	20	0.991
4224	20	5	20	1
4275	25	5	26	0.993
4301	21	4	21	0.999
4310	35	3	35	0.976
4313	24	5	24	0.999
4338	32	5	32	0.992
4342	34	5	26	0.16
4352	23	2	21	0.973
4353	51	1	47	0.972
4394	19	2	19	0.966
4405	21	5	20	1
4457	17	5	17	0.998
4470	40	5	40	0.942
4471	17	5	17	0.999
4478	21	5	21	1
4486	30	5	30	0.859
4504	24	5	24	1
4537	51	1	58	0.99
4552	32	5	32	0.046
4553	32	5	32	0.046
4556	24	5	24	0.997
4571	20	5	20	1
4573	19	5	19	0.999
4575	24	5	24	0.99
4578	34	5	34	0.98
4602	25	5	25	0.998
4606	18	4	18	0.998
4620	19	5	19	1
4655	22	5	22	0.986
4671	19	5	19	0.998
4679	52	4	52	0.993
4682	20	4	24	0.953
4691	20	2	20	0.955
4714	18	0	18	0.97
4722	20	5	20	1
4749	18	0	18	0.967
4779	20	5	20	1
4807	21	5	21	0.999
4811	19	4	19	0.999
4825	22	5	22	0.662
4826	22	5	22	0.662
4851	32	5	24	0.944
4860	18	5	24	0.999
4892	32	3	60	0.988
4908	22	5	22	1
4933	32	5	32	0.976
4942	27	5	27	1
4943	17	5	19	0.999
4947	25	5	25	0.999
4962	20	5	20	0.999
4975	21	5	21	1
4978	18	5	18	0.999
4979	21	5	21	1
4999	40	3	45	0.969
5007	33	4	33	1
5045	24	5	24	0.533
5101	18	5	30	0.923
5110	24	5	24	1
5111	25	5	25	0.998
5112	27	5	27	0.995
5121	20	5	20	0.998
5126	26	5	26	1
5134	22	5	22	0.999
5144	22	5	22	1
5145	18	4	18	0.994
5160	26	5	26	1
5161	21	5	21	0.999
5164	23	5	23	0.999
5165	19	5	19	1
5167	25	5	25	0.996
5171	26	5	26	0.996
5173	21	5	21	0.998
5195	32	5	32	1
5204	26	5	26	0.999
5205	21	5	21	1
5208	19	5	19	0.988
5210	19	5	19	0.999
5212	20	5	20	1
5256	27	5	27	1
5265	27	5	27	0.959
5272	25	4	23	0.995
5298	23	5	22	0.998
5300	18	5	18	1
5306	26	5	26	0.998
5313	18	5	18	1
5315	23	5	23	1
5329	20	5	20	1
5348	20	5	20	0.999
5351	37	5	37	0.999
5384	25	5	25	0.999
5385	25	5	25	0.999
5387	20	5	20	1
5388	20	5	20	1
5395	20	5	20	0.999
5407	30	5	30	0.988
5412	18	5	18	0.999
5413	20	5	20	0.993
5416	21	5	21	1
5429	19	5	19	0.999
5448	18	5	23	0.992
5460	20	5	20	1
5463	19	5	19	0.987
5492	22	5	22	0.997
5495	23	5	23	0.881
5505	41	5	41	0.863
5512	27	5	27	0.981
5518	17	5	19	0.998
5537	22	4	22	0.963
5538	28	5	28	0.999
5543	23	5	23	0.999
5544	28	5	28	0.999
5565	24	5	24	0.994
5574	17	5	17	1
5591	25	5	25	0.767
5608	21	5	21	1
5618	24	5	24	0.999
5620	28	5	28	0.997
5625	19	5	19	0.999
5642	23	5	17	0.971
5655	30	5	30	0.778
5656	23	5	23	0.977
5657	23	5	23	0.977
5663	22	5	22	0.544
5667	27	5	27	0.999
5670	22	5	22	0.999
5671	25	5	25	0.999
5676	33	5	33	0.961
5677	28	5	28	0.993
5687	26	5	26	0.377
5713	26	5	26	0.977
5722	22	5	22	0.808
5723	26	5	26	0.789
5745	21	5	21	0.808
5783	20	5	20	0.999
5786	19	5	19	0.999
5788	37	2	21	0.983
5833	17	5	17	0.957
5834	17	5	17	0.957
5863	29	5	29	0.96
5867	24	4	24	0.976
5869	20	5	20	0.995
5870	28	5	28	0.997
5873	27	5	27	1
5887	23	5	23	1
5903	31	5	19	0.932
5908	17	5	17	0.999
5930	17	5	17	1
5931	18	5	18	0.999
5975	22	4	21	0.955
5977	26	5	26	0.071
6001	21	5	21	1
6003	35	5	40	0.089
6007	22	5	22	0.999
6009	22	5	22	0.999
6010	18	5	18	0.996
6022	34	3	23	0.958
6027	17	5	17	1
6030	19	5	19	1
6034	24	5	24	0.999
6036	36	5	36	0.991
6039	23	5	23	0.998
6043	21	5	21	1
6047	29	5	29	0.2
6065	16	5	16	0.999
6080	20	5	20	0.998
6081	20	5	20	1
6087	20	4	20	0.966
6092	23	5	23	1
6099	20	5	20	0.998
6100	20	5	20	0.998
6103	39	0	39	0.972
6123	18	5	26	0.997
6132	18	5	18	1
6150	20	5	20	1
6196	21	5	21	1
6199	21	5	21	0.96
6208	17	5	38	0.997
6265	21	5	23	0.998
6298	29	5	29	1
6299	23	5	23	1
6321	18	5	18	0.997
6329	21	5	21	0.997
6330	20	5	20	0.996
6331	23	5	23	1
6332	23	5	23	0.991
6334	25	4	25	0.982
6339	18	5	18	1
6341	40	4	40	0.959
6349	26	5	26	0.999
6354	19	5	19	1
6357	21	5	21	1
6366	21	5	21	0.998
6367	21	5	21	0.998
6368	32	4	32	0.996
6369	32	4	32	0.996
6396	22	5	22	0.991
6413	19	5	19	1
6415	27	5	27	0.99
6421	20	5	20	1
6431	27	5	27	0.998
6435	19	5	19	0.964
6439	37	5	37	0.756
6440	19	4	19	0.991
6441	25	5	25	0.352
6447	17	5	17	1
6448	21	5	26	0.977
6455	23	5	23	0.255
6470	26	5	26	1
6471	26	5	26	1
6473	21	5	21	1
6481	22	5	22	0.624
6511	18	5	19	0.998
6522	20	5	20	1
6526	20	5	20	1
6527	18	5	18	0.998
6570	21	5	21	0.999
6571	22	5	22	0.998
6572	18	5	18	1
6585	26	5	26	0.05
6589	18	5	18	0.308
6595	21	5	21	1
6596	19	5	19	0.999
6597	20	5	23	0.996
6598	21	5	21	0.997
6607	25	5	25	1
6608	26	5	26	1
6611	23	5	23	0.961
6623	27	4	26	0.964
6661	52	5	40	0.06
6701	31	5	31	0.952
6702	29	5	29	0.992
6723	23	5	23	0.999
6749	28	5	28	0.995
6750	19	5	19	0.998
6774	30	5	30	0.182
6775	33	5	32	0.999
6788	36	5	36	0.995
6789	20	5	20	1
6796	20	5	24	1
6807	21	5	21	1
6821	21	5	21	1
6835	20	5	20	0.998
6843	21	5	21	1
6867	19	5	19	0.999
6874	23	5	23	0.986
6879	18	5	18	0.999
6894	16	5	16	0.996
6896	33	5	33	0.695
6897	19	4	21	0.999
6957	21	5	21	0.998
6964	26	5	33	0.515
6965	26	5	33	0.514
6976	23	3	23	0.971
6997	18	5	18	0.998
7009	19	5	19	1
7017	27	5	29	0.998
7018	25	5	25	0.345
7022	26	5	21	0.638
7025	21	5	21	1
7026	20	5	20	1
7035	25	5	20	0.178
7067	29	5	29	0.321
7083	28	4	28	0.978
7094	21	3	21	0.992
7109	18	5	18	0.997
7112	20	5	20	1
7121	20	5	20	1
7154	27	5	27	0.952
7173	25	5	25	0.995
7207	18	5	18	1
7208	18	5	18	1
7211	24	5	24	0.999
7216	21	5	21	0.997
7218	17	4	17	0.97
7224	22	5	22	0.902
7226	31	5	33	0.999
7227	31	5	33	0.999
7230	26	5	26	0.037
7241	44	5	44	0.003
7292	22	5	22	0.946
7294	16	5	24	0.778
7295	19	5	19	0.14
7297	19	5	19	0.998
7300	28	5	30	0.926
7304	28	5	18	0.78
7334	18	5	18	0.921
7340	21	5	21	0.999
7346	23	2	23	0.988
7373	20	5	20	0.998
7391	26	2	28	0.979
7404	26	5	26	0.983
7449	25	5	24	0.968
7455	25	5	25	0.998
7456	20	5	20	0.999
7462	21	5	20	1
7463	21	5	20	1
7469	16	5	16	0.998
7471	17	5	17	1
7479	20	5	47	0.924
7482	18	4	18	0.997
7484	21	5	21	1
7487	24	4	22	1
7497	29	5	29	0.558
7498	22	5	22	1
7517	22	5	22	0.999
7534	20	5	20	0.998
7545	22	4	23	0.996
7562	22	5	22	0.999
7574	28	5	28	1
7575	28	5	28	1
7579	20	5	20	0.999
7592	19	5	19	0.997
7615	22	5	24	0.997
7619	28	5	28	0.999
7620	28	5	28	0.999
7622	18	5	18	0.998
7629	29	5	29	0.984
7630	29	5	29	0.984
7636	20	5	20	0.995
7650	20	5	22	0.927
7662	22	0	43	0.972
7707	20	5	20	0.569
7713	29	5	29	1
7715	26	5	26	0.993
7721	31	5	31	0.69
7722	31	5	31	0.69
7724	21	5	21	0.999
7725	21	5	21	0.999
7746	21	4	21	0.992
7760	20	5	25	0.835
7772	21	5	21	1
7779	17	5	20	0.999
7783	20	5	20	0.998
7784	29	5	29	0.99
7788	30	5	29	0.949
7792	22	4	22	0.957
7810	23	5	23	0.999
7814	20	5	20	0.973
7821	32	4	33	0.99
7828	32	5	32	0.915
7829	17	3	17	0.988
7838	22	5	22	0.999
7839	25	0	35	0.971
7861	23	5	23	1
7862	27	5	27	0.968
7879	20	5	20	1
7910	24	5	29	0.417
7915	24	5	24	0.983
7935	19	5	19	1
7942	36	5	36	0.99
7965	19	5	19	1
7995	27	5	27	0.997
8024	42	2	42	0.97
8026	20	5	20	0.94
8032	27	4	27	0.993
8034	20	5	20	0.998
8073	29	5	29	0.174
8099	19	4	23	0.997
8114	18	5	18	0.999
8127	27	5	27	0.999
8138	22	4	33	0.971
8151	30	5	30	1
8161	19	5	19	0.998
8162	22	5	22	0.999
8163	22	5	22	0.999
8190	18	5	18	0.999
8198	33	5	33	0.992
8199	19	5	19	0.999
8226	18	4	18	0.988
8252	22	5	22	0.994
8254	28	4	28	0.996
8278	20	5	20	0.999
8279	20	5	20	0.999
8282	30	5	30	0.266
8293	40	4	40	0.965
8311	39	4	39	0.997
8336	21	5	21	1
8346	19	4	19	0.993
8347	19	4	19	0.993
8367	24	2	26	0.964
8399	33	5	33	0.923
8404	19	5	19	0.999
8405	21	5	21	0.998
8427	19	5	19	1
8448	22	5	22	0.998
8457	21	5	21	0.999
8458	25	5	25	0.937
8459	25	5	25	1
8480	36	4	36	0.996
8481	19	5	19	0.999
8524	19	5	19	0.999
8525	19	5	19	0.999
8528	16	5	16	1
8529	33	5	33	0.134
8546	21	5	21	0.999
8556	41	5	41	0.026
8558	25	5	25	0.983
8563	44	5	44	0.985
8591	20	5	20	0.999
8592	23	5	23	0.997
8593	22	4	22	0.984
8594	24	5	24	0.992
8595	20	5	20	0.996
8598	21	5	21	0.987
8600	23	5	25	1
8602	25	5	25	0.872
8606	19	5	19	0.998
8608	27	5	27	0.935
8611	23	5	23	1
8614	23	3	33	0.972
8632	30	4	30	0.997
8638	24	5	24	0.999
8643	20	4	20	0.963
8653	20	5	20	0.995
8654	25	5	25	0.939
8657	24	5	24	0.929
8659	16	5	16	0.922
8700	40	5	40	0.999
8729	34	5	34	0.013
8746	25	5	29	0.963
8831	20	5	20	1
8839	22	4	22	0.997
8840	39	5	39	0.949
8844	20	5	20	0.996
8847	24	5	25	0.999
8855	31	5	31	0.597
8857	22	5	22	0.999
8866	29	5	29	0.999
8871	28	5	28	0.983
8886	29	5	29	0.926
8896	31	5	31	0.964
8908	21	5	21	1
8910	23	5	23	0.995
8914	19	3	19	0.984
8917	24	5	24	0.999
8918	34	5	34	0.946
8934	21	5	21	0.993
8953	19	5	19	1
8970	27	1	27	0.993
8974	21	5	21	1
8990	22	5	22	1
9004	22	5	22	0.267
9005	22	5	22	0.267
9035	29	5	29	0.997
9046	28	5	28	0.904
9075	28	5	28	0.998
9087	18	5	18	1
9116	30	5	26	0.993
9157	38	5	38	0.997
9188	21	5	21	0.996
9193	33	5	33	0.983
9210	20	5	20	1
9211	18	4	18	0.99
9216	17	5	17	0.997
9247	19	5	24	1
9267	25	4	25	0.978
9271	22	5	22	0.99
9275	17	5	17	0.076
9277	28	5	28	1
9278	21	5	21	1
9281	31	5	31	0.98
9302	25	5	25	0.997
9305	22	5	22	0.999
9311	20	5	20	0.319
9319	22	5	22	0.999
9324	29	5	29	1
9325	29	5	29	1
9361	36	5	36	0.999
9367	18	5	18	0.998
9375	21	5	21	1
9376	21	5	21	1
9377	22	4	22	0.999
9381	20	5	20	0.992
9391	21	5	21	1
9409	23	5	23	1
9416	26	5	26	0.999
9419	39	5	39	1
9426	17	5	17	0.999
9427	24	5	24	0.993
9433	19	5	19	0.998
9434	21	5	21	0.904
9435	20	5	20	1
9441	18	5	18	0.991
9444	22	5	22	0.999
9445	25	4	27	0.983
9447	19	5	19	1
9448	27	5	27	1
9452	26	3	24	0.97
9461	22	5	22	0.999
9466	25	5	30	0.27
9467	25	5	25	0.999
9470	19	5	19	0.998
9485	20	5	20	1
9486	22	5	22	0.996
9488	22	4	23	0.971
9494	20	5	20	1
9501	21	4	21	0.997
9502	21	5	21	0.997
9509	18	5	18	1
9533	17	5	17	1
9542	20	2	20	0.973
9545	26	5	26	0.997
9546	14	5	14	0.927
9548	19	5	19	0.998
9551	20	5	20	0.993
9554	22	5	26	0.999
9557	28	5	28	0.994
9562	24	5	24	1
9563	28	5	28	0.999
9576	25	5	25	1
9577	20	5	20	0.999
9583	22	5	22	1
9608	29	3	27	0.987
9614	19	5	19	1
9615	19	5	19	0.998
9618	34	5	34	0.989
9637	33	5	33	0.956
9638	33	5	33	0.956
9643	39	4	39	0.963
9644	22	5	33	0.421
9649	22	5	22	0.981
9656	21	5	21	1
9657	25	5	25	0.987
9659	21	5	21	1
9671	23	5	25	0.984
9686	19	5	19	1
9688	23	5	23	1
9703	20	5	20	1
9704	36	3	31	0.984
9706	25	5	25	0.986
9713	24	5	24	0.982
9714	17	5	22	1
9716	25	5	25	0.997
9719	18	5	18	0.999
9732	26	4	26	0.977
9733	26	4	26	0.977
9736	23	4	25	0.997
9741	32	5	32	0.885
9746	17	5	17	1
9750	24	5	24	1
9760	27	4	26	0.992
9818	21	4	21	0.994
9819	21	4	21	0.994
9820	21	4	21	0.994
9821	19	5	19	1
9822	22	5	22	0.994
9832	20	5	20	0.857
9833	20	5	20	0.857
9852	20	5	26	0.995
9853	20	5	20	1
9867	24	5	24	0.999
9885	19	5	19	0.999
9892	22	5	22	1
9900	19	5	19	1
9905	22	5	22	0.602
9906	22	5	22	0.602
9907	27	5	27	0.995
9917	20	5	20	0.863
9923	25	5	25	0.986
9926	20	5	20	1
9930	23	5	23	1
9931	24	5	24	0.999
9933	23	5	23	0.998
9940	19	5	19	0.999
9949	29	5	29	0.998
9950	19	5	19	0.907
9951	26	5	26	0.998
9956	44	5	44	0.07
9966	21	5	21	1
9974	31	5	31	0.838
9987	42	4	42	0.983
9988	29	5	29	0.997
9997	24	5	24	0.999
10005	25	5	25	0.987
10014	20	5	20	0.998
10031	19	4	21	0.996
10032	20	5	20	1
10044	22	5	22	1
10047	19	5	21	0.996
10048	19	4	19	0.987
10052	20	5	22	1
10076	21	4	23	0.99
10089	43	5	43	0.165
10102	30	3	21	0.98
10112	21	5	21	0.991
10122	36	5	36	0.274
10142	18	5	18	1
10145	25	5	25	0.993
10148	26	4	25	0.954
10163	17	5	17	0.706
10172	20	5	20	1
10177	25	3	22	0.968
10186	21	5	21	0.887
10187	18	5	20	0.997
10190	25	5	25	0.928
10197	23	5	23	0.912
10212	26	5	26	0.999
10229	21	5	21	1
10252	22	4	19	0.995
10297	23	5	23	0.526
10312	29	5	29	0.997
10321	18	5	18	0.998
10351	29	4	29	0.994
10356	18	5	18	1
10357	26	5	26	0.999
10360	16	5	16	0.999
10365	29	5	29	0.618
10373	27	5	27	0.994
10377	20	5	24	0.29
10378	20	5	24	0.29
10397	23	5	23	0.972
10412	27	5	27	0.997
10427	24	5	24	0.796
10436	26	5	26	0.992
10440	18	5	18	1
10474	21	5	21	1
10480	16	5	16	0.999
10493	22	5	22	0.875
10495	22	5	22	0.999
10506	24	5	24	1
10510	26	5	26	0.999
10520	35	5	35	1
10521	19	5	19	0.998
10524	21	5	21	0.999
10525	19	5	19	0.998
10526	24	5	24	1
10535	23	5	23	0.999
10541	30	5	30	1
10544	23	5	23	1
10545	25	5	25	0.987
10554	30	5	30	0.728
10567	17	5	17	0.975
10582	19	5	19	0.996
10587	24	5	22	1
10593	20	5	22	0.999
10596	24	5	24	0.999
10597	25	5	27	0.997
10600	20	5	20	0.999
10602	19	5	19	0.991
10613	20	5	20	0.995
10631	24	5	24	1
10634	19	5	19	0.994
10639	20	5	20	1
10654	25	5	25	1
10657	23	5	23	0.998
10658	22	5	22	1
10679	20	0	34	0.974
10680	20	0	34	0.974
10686	35	5	25	0.941
10688	19	5	24	1
10706	41	5	41	0.006
10712	30	0	30	0.969
10713	20	5	20	0.999
10732	22	5	22	0.994
10745	22	5	22	0.988
10752	37	5	37	0.99
10753	25	5	25	1
10756	22	5	22	0.966
10764	17	5	17	0.999
10775	26	5	26	0.921
